Set [3.96359226], [0.55114282], [2.59300654], 15, 
33.575
33.139
32.702
Set [3.61236283], [2.06648708], [2.30974307], 15, 
33.848
33.991
32.707
Set [2.76969913], [4.53219073], [4.01439293], 15, 
33.892
34.175
33.669
Set [1.87605721], [4.4755534], [4.69300822], 15, 
32.642
33.35
33.732
Set [0.50142242], [0.62141226], [4.04182268], 15, 
FAILED 
Set [5.], [1.06155814], [0.9566558], 15, 
34.521
32.848
33.54
Set [5.], [1.86629233], [3.47779566], 15, 
32.421
40.112
40.378
Set [3.26183075], [4.44841366], [0.], 15, 
39.964
34.816
37.112
Set [3.45066163], [0.], [0.10679574], 15, 
FAILED 
Set [4.83681149], [1.40187441], [1.96883172], 15, 
38.681
39.271
42.186
Set [3.52860106], [1.30109542], [2.98476941], 15, 
33.901
33.593
38.792
Set [3.21028969], [3.24343327], [2.79950744], 15, 
34.462
33.835
33.954
Set [1.53594078], [4.84370597], [3.42896055], 15, 
32.930999
32.753
32.972
Set [4.42355953], [0.], [3.53071166], 15, 
32.015
34.574
33.354
Set [5.], [2.53251022], [0.16309481], 15, 
35.183
35.504
37.592
Set [2.60656878], [5.], [2.24642547], 15, 
33.819
34.094
33.573
Set [5.], [5.], [5.], 15, 
41.06
38.484
42.064
Set [0.09271922], [5.], [5.], 15, 
32.595
37.628
34.259
Set [0.], [5.], [1.46438328], 15, 
33.736
33.333
32.645
Set [0.40979885], [5.], [2.84512742], 15, 
32.746
39.848
33.596
Set [0.], [5.], [0.], 15, 
37.448
38.796
34.467
Set [5.], [0.], [5.], 15, 
33.066
35.172
36.028
Set [1.86949977], [5.], [4.17250878], 15, 
34.781
33.017
34.533
Set [5.], [5.], [1.07802422], 15, 
43.956
41.162
41.274
Set [1.4543012], [5.], [1.69881012], 15, 
33.183
36.343
36.966
Set [5.], [0.], [3.33981148], 15, 
35.775
34.519
39.817
Set [2.30890912], [4.28944865], [3.10085356], 15, 
37.164
38.742
41.698
Set [1.90595292], [5.], [5.], 15, 
37.657
34.106
33.106
Set [1.38757893], [5.], [4.27915613], 15, 
33.864
34.191
37.19
Set [3.72536406], [2.36544656], [5.], 15, 
36.148
33.965
33.031999
Set [4.12892004], [0.93426644], [4.08687179], 15, 
32.273
33.093
33.598
Set [4.1134914], [0.93478326], [4.10651299], 15, 
34.312
32.142
32.965
Set [2.88318336], [3.82256926], [5.], 15, 
33.649
34.44
32.805
Set [3.44847414], [3.00510915], [1.69601537], 15, 
33.249
33.226999
32.491
Set [3.9955796], [0.39823019], [3.30201], 15, 
32.835
34.418
32.619
Set [5.], [1.57327042], [5.], 15, 
33.669
32.972
32.965
Set [4.02361496], [3.19054816], [3.81561602], 15, 
32.838
37.278
34.077
Set [0.], [3.27823405], [0.70969773], 15, 
FAILED 
Set [3.81029046], [3.07907414], [2.32939949], 15, 
35.794
33.907
33.365
Set [0.97809077], [3.78233987], [5.], 15, 
33.721
33.774
32.85
Set [3.01084787], [5.], [1.27575066], 15, 
40.691
36.764
36.506
Set [3.59545622], [5.], [3.34152794], 15, 
37.132
37.272
37.137
Set [4.6564845], [0.98625566], [4.49941821], 15, 
33.275
35.138
33.36
Set [1.58488021], [5.], [3.11459659], 15, 
32.808999
35.953
34.35
Set [5.], [2.70994101], [5.], 15, 
34.655
35.896
35.183
Set [0.], [3.95305303], [5.], 15, 
32.805999
32.637
32.329
Set [4.0525037], [0.70411745], [5.], 15, 
32.799999
32.68
33.134999
Set [4.22602451], [1.09227835], [5.], 15, 
33.612
32.927999
34.269
Set [3.98808652], [0.], [4.25232752], 15, 
32.994
32.837
32.77
Set [4.02212534], [0.28966766], [4.06700435], 15, 
33.214
32.607
34.79
Set [4.02998076], [0.], [5.], 15, 
32.857
32.313
33.012
Set [0.], [4.12149437], [5.], 15, 
32.79
33.156999
34.416
Set [4.06026889], [0.], [5.], 15, 
32.67
33.316
32.968
Set [0.], [3.3254214], [5.], 15, 
33.348999
32.883
33.083
Set [0.], [3.86859551], [4.21799291], 15, 
33.295
33.372999
34.169
Set [3.9944201], [0.], [2.76513789], 15, 
35.041
36.378
35.96
Set [5.], [1.38051557], [0.], 15, 
34.477
39.878
38.363
Set [1.11904219], [4.29881927], [3.86987886], 15, 
32.924999
33.183
33.901
Set [3.7572209], [2.46037843], [1.05102104], 15, 
33.564
38.509
35.405
Set [0.], [3.89548692], [5.], 15, 
32.482
33.055999
33.488
Set [3.01987336], [4.85207533], [5.], 15, 
34.985
39.637
38.472
Set [2.13227457], [3.41485582], [5.], 15, 
38.772
34.027
33.583
Set [3.30090868], [2.66399931], [2.16667473], 15, 
36.656
39.213
42.05
Set [3.65651409], [3.50917183], [1.4249489], 15, 
38.386
37.757
35.985
Set [0.], [4.08586194], [5.], 15, 
36.475
35.546
33.229
Set [4.1765862], [0.60413924], [5.], 15, 
32.823
32.457
37.921
Set [4.10619674], [0.41576176], [4.29120758], 15, 
33.311
34.421
37.091
Set [0.57273338], [4.01467531], [5.], 15, 
34.95
FAILED 
Set [4.13680571], [0.21385014], [3.63497572], 15, 
35.785
32.688
33.605
Set [1.17712876], [3.67044686], [4.99729322], 15, 
35.477
36.048
34.784
Set [4.23497353], [0.], [4.0003654], 15, 
34.28
36.901
32.32
Set [5.], [0.], [5.], 15, 
33.092
33.914
33.837
Set [3.92154039], [0.01475825], [4.67220503], 15, 
34.711
32.654
32.536
Set [4.04525338], [0.91078822], [4.69451666], 15, 
32.296
32.952
32.389
Set [3.81197445], [0.95151855], [4.93571571], 15, 
32.957
32.578
33.966
Set [3.76280368], [0.42984735], [4.89009426], 15, 
33.049999
33.307
32.848999
Set [4.35644587], [0.90418135], [4.60646962], 15, 
32.461
32.595
32.719
Set [4.34244235], [0.92134643], [4.60885089], 15, 
33.642
32.759
34.358
Set [1.49988922], [4.58524098], [3.80636346], 15, 
32.631
32.59
32.334
Set [1.6972315], [4.42125128], [4.19553152], 15, 
32.433
32.932
34.126
Set [0.], [5.], [3.70203298], 15, 
33.493
33.528
32.698
Set [4.31776487], [0.91041218], [4.60182422], 15, 
33.395
32.878
32.835
Set [1.14007657], [4.70285973], [3.57927591], 15, 
32.677
34.084
33.711
Set [2.2179142], [4.48307801], [4.3077312], 15, 
33.503999
32.609
32.133
Set [3.56677002], [0.07751578], [4.13826406], 15, 
32.643
32.302
32.323
Set [3.58612862], [0.51464973], [3.85692342], 15, 
32.375
32.293
32.28
Set [0.], [5.], [3.66237855], 15, 
32.408
33.98
33.049
Set [3.49922606], [0.56211272], [4.3108541], 15, 
34.336
32.805999
32.896
Set [3.86306542], [0.84695956], [3.63152288], 15, 
32.18
32.279
33.354
Set [3.47738379], [0.5621757], [3.36307855], 15, 
32.648
32.692
32.25
Set [3.48579233], [0.10013733], [3.61805449], 15, 
32.901
32.714
33.049
Set [3.93459061], [1.1012053], [4.15225358], 15, 
32.064
33.255
33.473999
Set [3.93858174], [1.06731254], [4.15879518], 15, 
33.207
33.061
32.555
Set [3.06643483], [0.4544367], [3.77411491], 15, 
35.423
32.583
32.331
Set [2.47608567], [4.01497275], [4.47180898], 15, 
32.198
33.859
33.745
Set [3.37860088], [1.0235113], [3.81259819], 15, 
32.445
32.709
33.536
Set [0.], [4.3566251], [3.64444267], 15, 
33.302999
33.027
32.908
Set [3.81543636], [1.12217476], [4.12848817], 15, 
32.2
32.415
33.911
Set [3.39132489], [0.], [5.], 15, 
32.674
32.381
32.421
Set [3.79901784], [0.99418336], [4.21956949], 15, 
32.098
32.703
34.089
Set [2.98446196], [0.45209815], [5.], 15, 
33.709
32.384
32.442
Set [2.9990528], [0.], [4.54171566], 15, 
32.817999
34.486
32.47
Set [3.70939257], [0.78787753], [4.48562057], 15, 
32.503
32.781999
32.327
Set [3.70770922], [0.78028235], [4.48244722], 15, 
32.823999
32.584
32.936999
Set [2.98615803], [1.09476827], [4.54927978], 15, 
32.659
32.731
32.276
[3.58612862 0.51464973 3.85692342]  92.316  32.316
