Set [3.90239711], [4.73744681], [3.41011146], 15, 
35.816
40.419
38.505
Set [5.], [3.621419], [2.65816848], 15, 
35.411
36.05
35.904
Set [0.37734094], [5.], [4.72752795], 15, 
32.423
33.372
32.743
Set [0.], [3.41714681], [5.], 15, 
32.865
32.404
33.134999
Set [0.], [0.], [5.], 15, 
FAILED 
Set [0.], [4.2308015], [5.], 15, 
32.689
33.164
32.819
Set [1.13632246], [4.18372652], [5.], 15, 
33.182
33.951
34.511
Set [0.], [4.39731633], [4.01802172], 15, 
32.6
32.901
32.738
Set [5.], [0.], [0.], 15, 
34.147
36.852
35.212
Set [5.], [2.63668698], [0.], 15, 
37.237
35.659
35.894
Set [0.3149239], [4.16997992], [4.47186344], 15, 
32.999
32.444
32.74
Set [0.55132148], [5.], [3.76748259], 15, 
32.213
33.886
33.408
Set [5.], [0.], [1.93377572], 15, 
32.482
34.999
33.470999
Set [5.], [1.2066696], [1.40248137], 15, 
40.391
37.086
36.641
Set [5.], [5.], [0.], 15, 
44.448
44.449
42.515
Set [5.], [5.], [5.], 15, 
36.287
36.953
35.724
Set [5.], [0.], [3.55016964], 15, 
33.174
34.528
32.582
Set [0.], [5.], [4.22344297], 15, 
34.41
32.583
32.972
Set [1.24771772], [5.], [4.54633072], 15, 
34.968
32.665
32.857
Set [0.], [3.73272353], [4.4098765], 15, 
33.021
32.619
32.741
Set [5.], [0.], [2.8226833], 15, 
31.959
32.505
32.415
Set [4.18503283], [0.], [2.69943269], 15, 
33.13
32.9
32.243
Set [3.33921682], [0.], [0.], 15, 
FAILED 
Set [4.40878568], [0.], [3.14924893], 15, 
34.187
32.511
33.69
Set [5.], [5.], [2.95385101], 15, 
38.516
36.668
37.624
Set [0.], [5.], [2.32393819], 15, 
32.859
34.389
32.478
Set [0.], [4.50867143], [3.08133211], 15, 
33.473
33.394
33.659
Set [0.], [5.], [0.], 15, 
35.048
33.539
35.418
Set [1.65797724], [5.], [0.], 15, 
34.311
33.762
33.946
Set [0.89905308], [5.], [1.02799606], 15, 
33.503
33.754
32.404
Set [5.], [1.11992694], [3.1891924], 15, 
32.343
33.667
32.63
Set [5.], [0.47274077], [2.92072674], 15, 
32.542
32.262
34.197
Set [3.99104914], [1.74306159], [2.97208593], 15, 
32.731
33.493
32.365
Set [5.], [2.20254064], [3.13788994], 15, 
32.833
33.287999
32.909999
Set [3.39711732], [1.04185994], [3.07913517], 15, 
32.796999
33.688
33.250999
Set [4.0442602], [1.0054493], [2.90011252], 15, 
31.937
33.648
33.17
Set [1.70300932], [2.62646229], [3.81338817], 15, 
33.56
33.048
33.56
Set [2.80392864], [2.2672035], [3.20114453], 15, 
32.643
34.105
33.933
Set [0.79111334], [3.33251309], [4.00366357], 15, 
33.174999
32.652
32.298
Set [0.80978844], [2.99776904], [4.6404695], 15, 
33.543
32.371
32.911
Set [0.62874156], [2.65536377], [3.93367019], 15, 
33.709
32.34
32.298
Set [1.84640519], [1.91829713], [3.22938494], 15, 
33.853
33.158
32.994999
Set [3.23044319], [1.67251473], [2.65750551], 15, 
32.441
32.868
32.028
Set [1.22677664], [2.6955151], [3.33182058], 15, 
33.049
32.277
32.426
Set [3.35821468], [2.4527552], [2.36814418], 15, 
32.33
33.335
32.822
Set [2.44518894], [2.33077313], [2.60366346], 15, 
31.842
32.35
33.98
Set [0.], [5.], [1.16389438], 15, 
33.865
34.061
32.671
Set [3.19509915], [3.62103113], [0.7896334], 15, 
35.682
33.649
33.075
Set [3.36525714], [4.13150314], [0.], 15, 
36.748
35.31
36.847
Set [2.02515134], [5.], [0.78341649], 15, 
33.765
33.08
34.404
[5.        0.        2.8226833]  92.293  32.293
