Set [0.05315315], [0.45193055], [0.24418383], 15, 
Set [0.1228714], [0.76454446], [0.81526466], 15, 
32.726
33.371
Set [0.49754772], [0.99115873], [0.09748314], 15, 
32.697
33.066
Set [0.03746857], [0.14530874], [0.96874468], 15, 
Set [0.59401404], [0.03987632], [0.53475599], 15, 
Set [0.23622264], [0.0839544], [0.2263243], 15, 
Set [0.48781969], [0.52478524], [0.43800366], 15, 
Set [0.49051746], [0.69879604], [0.90492529], 15, 
33.058
Set [0.89066251], [0.14240292], [0.29124124], 15, 
Set [0.83564049], [0.40416933], [0.69341632], 15, 
33.256
33.049999
32.778
