Set [3.07829955], [2.95560985], [0.44451084], 15, 
34.617
33.136
32.616
Set [1.96254705], [1.48579078], [0.27889189], 15, 
33.701
FAILED 
Set [2.56109657], [3.53585955], [1.2854165], 15, 
33.911
33.54
33.186999
Set [1.37043867], [2.76523546], [4.25538088], 15, 
32.176
32.674
33.601
Set [1.71477322], [2.04524716], [4.55896401], 15, 
33.929
32.555
32.615
Set [3.67576361], [3.83700608], [0.63976183], 15, 
36.088
35.28
34.222
Set [2.74217927], [3.05396344], [3.84888664], 15, 
32.549
34.357
34.671
Set [2.00216268], [3.79806482], [5.], 15, 
32.845
32.857999
32.024
Set [1.56935616], [4.76776088], [3.522264], 15, 
32.786
33.427999
33.778
Set [0.20191834], [4.25602129], [5.], 15, 
33.198999
32.383
32.997999
Set [0.], [2.23362115], [5.], 15, 
33.957
34.179
32.473
Set [3.80245555], [5.], [5.], 15, 
35.217
36.475
34.858
Set [0.], [5.], [2.92007637], 15, 
32.311
33.012999
32.182
Set [0.], [3.67328702], [3.52206341], 15, 
32.561
32.979
32.641
Set [4.83148961], [1.04264101], [5.], 15, 
33.341
32.991
33.534
Set [2.9849395], [0.], [5.], 15, 
32.624
32.658
32.374
Set [0.96350804], [0.], [5.], 15, 
31.349
31.468
31.287
Set [0.], [0.], [4.0902799], 15, 
FAILED 
Set [2.01466898], [3.04677045], [4.62630682], 15, 
33.378
32.631
32.546
Set [1.69359749], [0.10978629], [5.], 15, 
32.142
31.96
32.118
Set [3.30694682], [1.49884996], [5.], 15, 
31.902
32.529
33.029
Set [1.05398367], [5.], [1.48890766], 15, 
34.068
32.656
32.927999
Set [4.26528557], [0.], [3.84068595], 15, 
32.662
32.563
32.835
Set [4.70007148], [1.83148106], [3.35712733], 15, 
33.301
32.899
35.349
Set [4.44985774], [2.82415746], [5.], 15, 
42.43
43.7
44.75
Set [3.42219663], [0.89116775], [4.05565353], 15, 
FAILED 
Set [1.27177471], [0.23198684], [5.], 15, 
FAILED 
Set [2.04006279], [0.87770176], [0.90087062], 15, 
FAILED 
Set [2.60428003], [2.61250947], [3.52090387], 15, 
43.412
39.843
39.558
Set [1.03850918], [4.75855259], [4.35968174], 15, 
40.448
41.954
41.863
Set [1.24253506], [3.93728374], [4.498013], 15, 
40.719
32.668
33.381
Set [1.24204095], [3.98604534], [4.61502446], 15, 
32.219
32.793
32.466
Set [1.21429182], [3.97244973], [5.], 15, 
35.25
34.798
32.875999
Set [1.68815957], [5.], [2.95364597], 15, 
34.449
32.622
33.515
Set [2.10365677], [5.], [2.71042965], 15, 
33.844
34.099
33.952
Set [2.72051828], [5.], [2.24476866], 15, 
34.818
35.017
34.871
Set [1.08554547], [5.], [3.24902506], 15, 
34.396
33.593
33.863
Set [3.81782903], [5.], [1.43780894], 15, 
37.442
36.4
43.705
Set [0.84424459], [4.23750964], [5.], 15, 
32.052
32.786
32.927
Set [0.27228538], [4.47150446], [5.], 15, 
32.427
32.772
32.149
Set [0.], [4.70600545], [5.], 15, 
33.341
32.432
32.512
Set [0.], [4.7477246], [5.], 15, 
34.143
33.103
32.27
Set [0.], [4.63674756], [5.], 15, 
33.552
34.285
32.403
Set [0.77539091], [0.], [5.], 15, 
31.587
31.341
31.524
Set [1.89550336], [0.04015609], [5.], 15, 
32.159
32.04
32.415
Set [1.71161873], [2.7881286], [4.47095939], 15, 
32.639
32.25
32.411
Set [0.51769185], [4.24237471], [4.86163301], 15, 
32.552
34.49
32.711
Set [1.56031844], [2.42644503], [4.42130591], 15, 
32.543
32.637
32.954
Set [1.07369786], [4.1894761], [4.73951644], 15, 
33.031
33.774
32.653
Set [1.82498082], [3.46285598], [4.79666875], 15, 
32.325
34.131
32.659
Set [1.9175389], [2.47467567], [4.68403942], 15, 
33.472
33.093
33.133
Set [1.44098332], [2.7066551], [4.74916275], 15, 
33.098999
33.128
34.936
Set [2.26326877], [3.47891865], [4.82345292], 15, 
32.679
33.006999
33.94
Set [2.34459022], [3.23713946], [4.27634839], 15, 
32.332
32.464
32.61
Set [1.61313938], [4.06429118], [4.7682455], 15, 
33.093
33.763
32.695
Set [1.87944075], [3.18563921], [4.20144123], 15, 
32.96
34.741
33.878
Set [2.24912835], [2.77733118], [4.32307587], 15, 
33.921
34.031
33.213
Set [2.11896483], [3.75357712], [4.47932756], 15, 
32.723
36.041
34.499
Set [2.79146786], [3.17126981], [4.38683729], 15, 
33.049999
33.731
32.625
Set [0.06814324], [4.55663965], [3.11958571], 15, 
33.902
34.033
32.856
Set [0.46529886], [4.92404156], [2.92366508], 15, 
33.632
32.985999
33.647
Set [2.69377458], [3.53504721], [4.03980313], 15, 
32.639
32.825
32.603
Set [3.05623493], [1.88645676], [5.], 15, 
32.194
32.481
32.966
Set [0.08784993], [4.71181931], [2.54680604], 15, 
32.955
33.019
33.052999
Set [1.39267538], [3.02240596], [5.], 15, 
34.8
32.768
34.714
Set [5.], [0.], [5.], 15, 
32.408
34.457
33.012999
Set [1.46456749], [3.04895529], [5.], 15, 
33.011
32.823999
32.887999
Set [4.65061735], [0.], [4.26115497], 15, 
34.215
32.774
32.232
Set [4.86699624], [0.48333688], [4.68677774], 15, 
32.496
34.514
32.589
Set [4.75136161], [0.], [3.69584531], 15, 
33.331
32.595
32.924
Set [5.], [0.], [5.], 15, 
33.807
32.872999
32.647
Set [1.86415153], [2.99168512], [5.], 15, 
32.384
33.549
32.223
Set [2.7870255], [1.49739937], [5.], 15, 
33.067999
32.15
33.104999
Set [4.76804629], [0.45764308], [3.99452585], 15, 
32.604
36.561
35.539
Set [2.45440945], [1.9743117], [4.88324679], 15, 
33.668
33.497999
32.746
Set [0.01387192], [3.85216627], [3.00929645], 15, 
33.704
33.951
35.614
Set [4.45969064], [0.08424721], [4.86527641], 15, 
33.308999
32.473
33.073
Set [4.36953693], [0.], [3.3015026], 15, 
32.835
33.563
32.573
Set [2.66707761], [2.60401064], [4.91565638], 15, 
32.778
32.781
33.426
Set [4.46473518], [0.60967202], [5.], 15, 
35.386
33.879
32.982
Set [0.65852477], [4.94974149], [2.12823809], 15, 
32.668
34.019
39.983
Set [3.22004061], [3.4149344], [3.97556299], 15, 
36.738
33.116999
33.837
Set [2.91665757], [2.2440945], [4.59048479], 15, 
34.695
33.862
33.455
Set [5.], [2.84236104], [0.], 15, 
40.054
38.411
36.035
Set [1.47091428], [4.44343555], [3.04173351], 15, 
32.174
32.753
32.616
Set [5.], [0.], [3.18122417], 15, 
32.027
34.293
32.682
Set [0.], [3.44146715], [5.], 15, 
32.723
32.456
32.667
Set [1.89736043], [5.], [0.], 15, 
39.616
40.429
40.178
Set [1.96519222], [2.73969032], [5.], 15, 
36.209
32.008
33.265
Set [5.], [0.], [5.], 15, 
32.134
32.996
33.949
Set [0.42380746], [3.71267387], [5.], 15, 
32.232
32.232
32.235
Set [0.13487214], [3.64917011], [4.55537241], 15, 
32.555
32.357
32.368
Set [0.33787576], [3.21489815], [4.70055508], 15, 
32.366
32.43
32.898
Set [1.97812838], [4.46523578], [3.17988148], 15, 
33.901
32.811999
33.298
Set [0.03766309], [3.32586288], [4.07370833], 15, 
32.637
33.142
33.069
Set [0.], [2.84429709], [4.54821972], 15, 
34.584
FAILED 
Set [0.48095758], [3.42677927], [4.73941453], 15, 
36.963
34.131
32.945
Set [0.09299426], [3.68876334], [4.00716975], 15, 
33.012
32.887
32.85
Set [1.74277155], [4.47926081], [2.63336341], 15, 
36.171
40.389
35.28
Set [0.28139463], [3.36949287], [3.71977427], 15, 
33.322
33.546
32.586
Set [1.5562829], [4.22017994], [3.40306115], 15, 
33.506999
33.898
32.607
Set [0.07444313], [3.7993894], [5.], 15, 
32.67
33.6
32.979999
Set [0.98491581], [4.37304779], [3.14750416], 15, 
32.319
35.134
32.708
Set [4.70015039], [0.42923606], [3.21862586], 15, 
33.412999
33.304
38.272
Set [0.01104827], [1.78266817], [5.], 15, 
32.475
32.39
32.158
[0.96350804 0.         5.        ]  91.368  31.368
