Set [3.90238805], [4.73750191], [3.41011617], 15, 
35.394
36.295
34.94
Set [0.97365095], [5.], [4.924396], 15, 
34.262
33.369
34.276
Set [5.], [5.], [5.], 15, 
42.667
42.675
37.98
Set [1.78288674], [5.], [4.05642695], 15, 
33.46
33.442999
32.259
Set [5.], [3.22152131], [2.3336881], 15, 
35.885
36.333
34.925
Set [0.], [5.], [3.97405328], 15, 
33.469
34.442
33.66
Set [0.], [5.55111512e-17], [5.], 15, 
FAILED 
Set [1.09626046], [5.], [3.9331845], 15, 
32.704
33.995
33.128999
Set [5.], [0.], [0.], 15, 
38.55
35.613
FAILED 
Set [5.], [4.68429614], [2.71330434], 15, 
37.961
39.381
40.089
Set [4.01839213], [3.56095117], [3.24480483], 15, 
35.014
33.211
34.129
Set [5.], [3.22570227], [3.39168296], 15, 
35.552
40.632
40.904
Set [0.], [5.], [5.], 15, 
35.825
36.984
36.604
Set [1.89098066], [5.], [4.00060385], 15, 
37.921
33.637
34.11
Set [1.45529212], [5.], [4.03130288], 15, 
33.341
34.188
32.839
Set [1.36966342], [5.], [4.04159372], 15, 
32.823
32.897
34.744
Set [1.27413328], [5.], [4.05300835], 15, 
38.061
37.427
33.252
Set [1.71891412], [5.], [3.99279522], 15, 
37.978
33.003999
40.565
Set [1.01576861], [5.], [4.12492184], 15, 
35.802
33.718
33.39
Set [0.97513425], [5.], [4.12509636], 15, 
35.505
34.983
33.231
Set [0.96968464], [5.], [4.12737799], 15, 
33.546
33.077
32.781
Set [0.85825747], [5.], [4.11693794], 15, 
33.155
35.937
33.284
Set [0.82927973], [5.], [4.11526037], 15, 
32.067
34.039
33.409
Set [0.73377672], [5.], [4.09145745], 15, 
32.697
34.04
32.619
Set [0.64493695], [5.], [4.05758607], 15, 
33.359
33.529
32.339
Set [0.566722], [5.], [4.0166076], 15, 
35.943
32.603
38.077
Set [0.77408284], [5.], [4.1273197], 15, 
34.763
33.711
33.026
Set [0.75935638], [5.], [4.12832146], 15, 
32.073
33.858
33.325
Set [0.7245678], [5.], [4.1241001], 15, 
34.325
33.028
33.086
Set [0.70688832], [5.], [4.12370763], 15, 
33.134
32.932
35.253
Set [0.70300363], [5.], [4.12759957], 15, 
34.149
32.589
32.593
Set [0.68192008], [5.], [4.126401], 15, 
32.79
32.24
33.824
Set [0.6597388], [5.], [4.12412548], 15, 
32.628
32.909999
32.741
Set [0.63435825], [5.], [4.11932195], 15, 
32.711
32.485
32.542
Set [0.60425957], [5.], [4.11015223], 15, 
32.582
32.875
32.857999
Set [0.58050129], [5.], [4.1027112], 15, 
32.621
34.004
33.219
Set [0.57696732], [5.], [4.10695987], 15, 
34.21
33.829
32.418
Set [0.58184901], [5.], [4.11630073], 15, 
34.127
32.938
33.856
Set [0.92858928], [4.34494079], [4.28504234], 15, 
33.264
32.790999
34.171
Set [0.76451169], [4.65111431], [4.22751975], 15, 
32.859
34.943
32.14
Set [0.76531191], [4.65678217], [4.2308778], 15, 
33.023
33.945
32.744
Set [0.76968891], [4.65260539], [4.23608417], 15, 
33.76
32.677
34.479
Set [0.75020955], [4.70822409], [4.23034409], 15, 
32.592
33.87
34.224
Set [3.0807795], [3.96513587], [3.72640578], 15, 
33.576
33.139
33.159999
Set [3.29078173], [3.96294546], [3.51720635], 15, 
32.665
33.557
33.066
Set [3.29992404], [3.96754424], [3.52789396], 15, 
33.86
34.404
34.639
Set [1.89034892], [4.13206617], [4.3983998], 15, 
32.735
32.756
32.006
Set [2.02729315], [4.0757084], [4.49337388], 15, 
33.292
33.079
32.968
Set [1.90645136], [4.10542224], [4.40735334], 15, 
34.136
33.063
32.734
Set [1.83454386], [4.15142825], [4.41669259], 15, 
33.103
33.137999
33.009
Set [1.84846054], [4.15754434], [4.42606445], 15, 
33.014
32.906999
33.823
Set [5.], [3.9079671], [0.], 15, 
37.029
36.873
38.802
Set [2.25444776], [4.08836398], [4.32590565], 15, 
32.357
35.202
33.058999
Set [1.55371537], [4.25060138], [4.43925948], 15, 
32.417
33.205
32.095
Set [1.5087862], [4.25571965], [4.46737357], 15, 
32.381
32.314
32.628
Set [1.47948787], [4.256368], [4.50992996], 15, 
32.631
33.034
32.686
Set [1.48006986], [4.25787982], [4.52857676], 15, 
32.954
33.815
32.319
Set [1.4900092], [4.25886356], [4.51435993], 15, 
33.119999
32.845
33.017
Set [1.49807245], [4.2600441], [4.51163003], 15, 
33.302999
33.527
32.899
Set [1.51260529], [4.25829715], [4.48910539], 15, 
32.79
33.171
33.569
Set [1.52502433], [4.25846117], [4.48497559], 15, 
32.784
32.534
33.465
Set [1.52896462], [4.26054109], [4.49366171], 15, 
32.509
32.089
32.767
Set [1.52439221], [4.26608747], [4.52431406], 15, 
32.177
32.694
33.292
Set [1.52974251], [4.270699], [4.55093629], 15, 
32.725
32.914
32.585
Set [1.53944506], [4.2749786], [4.58081107], 15, 
32.58
32.866
33.04
Set [1.54658154], [4.2770629], [4.59505991], 15, 
32.953
33.204
33.314999
Set [1.52867463], [4.26971333], [4.53572636], 15, 
32.215
32.378
32.72
Set [1.53432095], [4.27612366], [4.57414925], 15, 
33.039
32.616
33.767
Set [1.52699782], [4.27082996], [4.5371796], 15, 
32.392
33.998
32.183
Set [1.52993699], [4.27249905], [4.54221872], 15, 
33.24
33.67
33.383
Set [1.52903719], [4.26361731], [4.5044234], 15, 
33.110999
33.953
31.87
Set [1.53272282], [4.26485451], [4.50715963], 15, 
32.915
33.503999
32.393
Set [1.53552093], [4.26602922], [4.50978192], 15, 
33.186999
32.921999
32.878
Set [1.53864578], [4.26675307], [4.51120226], 15, 
32.49
32.255
32.426
Set [1.5368006], [4.27089318], [4.52151104], 15, 
33.549999
32.301
33.642
Set [1.5387054], [4.26837203], [4.51360023], 15, 
32.613
33.106
33.086
Set [1.5408538], [4.26922726], [4.51501859], 15, 
32.127
32.639
32.842
Set [1.54189594], [4.27374789], [4.52492333], 15, 
32.924999
32.219
32.256
Set [1.54664518], [4.28126903], [4.54431318], 15, 
32.331
32.866999
33.606
Set [1.54653239], [4.28061512], [4.54023535], 15, 
33.591
36.543
33.725
Set [1.52484494], [4.2234944], [4.42307097], 15, 
42.328
34.857
33.183
Set [2.00586672], [4.29459524], [4.95595721], 15, 
38.051
32.463
33.076
Set [1.39459769], [4.32273554], [4.4289166], 15, 
34.664
34.155
35.629
Set [1.53818948], [4.27328665], [4.45242548], 15, 
35.61
37.347
34.573
Set [1.51785412], [4.28915065], [4.47930323], 15, 
39.238
43.65
38.706
Set [2.30363408], [4.07671944], [4.16288904], 15, 
41.472
35.587
36.829
Set [1.02238879], [4.5359533], [4.48329412], 15, 
33.088
33.585
34.601
Set [1.03973948], [4.53578129], [4.47874817], 15, 
34.755
32.67
33.702
Set [1.05630898], [4.53411902], [4.47612528], 15, 
32.523
35.174
32.996
Set [1.06711129], [4.53193088], [4.4760522], 15, 
38.998
39.571
32.569
Set [1.3242116], [4.43994422], [4.47957205], 15, 
33.15
34.005
34.033
Set [1.34576537], [4.4272429], [4.48670954], 15, 
32.85
32.576
32.579
Set [1.31968799], [4.44215809], [4.4877045], 15, 
34.504
32.939
34.015
Set [1.34348548], [4.42807292], [4.49415677], 15, 
32.78
33.566
33.247999
Set [1.34204898], [4.42878038], [4.49945464], 15, 
35.438
32.898
33.232999
Set [1.3642275], [4.41510563], [4.50491029], 15, 
33.314
33.405
32.464
Set [1.36092207], [4.41751884], [4.51169029], 15, 
32.741
33.855
32.509
Set [1.35817241], [4.4199758], [4.51955694], 15, 
33.197
32.637
32.604
Set [1.35143881], [4.42588028], [4.5297139], 15, 
32.396
31.975
33.292
Set [1.34147421], [4.43549515], [4.54410854], 15, 
33.203
32.701
32.884
[1.53864578 4.26675307 4.51120226]  92.39033333333333  32.39033333333334
